11157007
111975006
164865005
164873001
164884008
164889003
164890007
164896001
164909002
164917005
164921003
164930006
164931005
164934002
17338001
195042002
195060002
195080001
195101003
195126007
233917008
251120003
251139008
251146004
251180001
251266004
251268003
253339007
253352002
266249003
270492004
27885002
284470004
39732003
413444003
425419005
425623009
426177001
426434006
426627000
426648003
426664006
426761007
426783006
426995002
427084000
427393009
428417006
428750005
429622005
445118002
445211001
47665007
49578007
55930002
59118001
59931005
63593006
6374002
67741000119109
698252002
713422000
713426002
713427006
74390002
81898007
89792004
